21 21
1 1 1 1 1 1 1 1 1 1 1 1 1 1 1 1 1 1 1 1 1
1 6 3 3 3 3 3 3 3 3 1 3 3 3 3 3 3 3 3 6 1
1 3 1 1 1 3 1 1 1 3 1 3 1 1 1 3 1 1 1 3 1
1 3 3 3 3 3 3 3 3 3 3 3 3 3 3 3 3 3 3 3 1
1 3 1 1 1 3 1 3 1 1 1 1 1 3 1 3 1 1 1 3 1
1 3 3 3 3 3 1 3 3 3 1 3 3 3 1 3 3 3 3 3 1
1 1 1 1 1 3 1 1 1 3 1 3 1 1 1 3 1 1 1 1 1
1 1 1 1 1 3 1 3 3 3 3 3 3 3 1 3 1 1 1 1 1
1 1 1 1 1 3 1 3 1 1 9 1 1 3 1 3 1 1 1 1 1
1 3 3 3 3 3 3 3 1 2 7 8 1 3 3 3 3 3 3 3 1
1 1 1 1 1 3 1 3 1 1 1 1 1 3 1 3 1 1 1 1 1
1 1 1 1 1 3 1 3 3 3 0 3 3 3 1 3 1 1 1 1 1
1 1 1 1 1 3 1 3 1 1 1 1 1 3 1 3 1 1 1 1 1
1 3 3 3 3 3 3 3 3 3 1 3 3 3 3 3 3 3 3 3 1
1 3 1 1 1 3 1 1 1 3 1 3 1 1 1 3 1 1 1 3 1
1 3 3 3 1 3 3 3 3 3 3 3 3 3 3 3 1 3 3 3 1
1 1 1 3 1 3 1 3 1 1 1 1 1 3 1 3 1 3 1 1 1
1 3 3 3 3 3 1 3 3 3 1 3 3 3 1 3 3 3 3 3 1
1 3 1 1 1 1 1 1 1 3 1 3 1 1 1 1 1 1 1 3 1
1 6 3 3 3 3 3 3 3 3 3 3 3 3 3 3 3 3 3 6 1
1 1 1 1 1 1 1 1 1 1 1 1 1 1 1 1 1 1 1 1 1